UNITS=MM
#Layer_Physical_Order=2
#Layer_Color=16711680
#
#Feature symbol names
#
$0 r99.9998

#
#Feature attribute names
#

#
#Layer features
#
A 11.00634832 34.72832272 8.1404968 33.67220088 11.0063534 30.3119155 0 P 0 N
A 13.87220238 33.67220088 11.00634832 34.72832272 11.00634324 30.31191042 0 P 0 N
L 8.1404968 33.67220088 10.60634912 31.20634856 0 P 0
L 8.17333392 33.6999326 13.83936272 33.6999326 0 P 0
L 8.21276488 33.5999328 13.7999343 33.5999328 0 P 0
L 8.29740784 33.7999324 13.71529134 33.7999324 0 P 0
L 8.31276468 33.499933 13.6999345 33.499933 0 P 0
L 8.41276448 33.3999332 13.5999347 33.3999332 0 P 0
L 8.43132172 33.8999322 13.58137746 33.8999322 0 P 0
L 8.51276428 33.2999334 13.4999349 33.2999334 0 P 0
L 8.57670624 33.999932 13.43599294 33.999932 0 P 0
L 8.60635058 0.00635 10.60634912 31.20634856 0 P 0
L 8.60635058 0.00635 13.4063486 0.00635 0 P 0
L 8.6123526 0.0999998 13.40034658 0.0999998 0 P 0
L 8.61276408 33.1999336 13.3999351 33.1999336 0 P 0
L 8.61876356 0.1999996 13.39393562 0.1999996 0 P 0
L 8.62517452 0.2999994 13.38752466 0.2999994 0 P 0
L 8.63158548 0.3999992 13.3811137 0.3999992 0 P 0
L 8.6379939 0.499999 13.37470528 0.499999 0 P 0
L 8.64440486 0.5999988 13.36829432 0.5999988 0 P 0
L 8.65081582 0.6999986 13.36188336 0.6999986 0 P 0
L 8.65722424 0.7999984 13.35547494 0.7999984 0 P 0
L 8.6636352 0.8999982 13.34906398 0.8999982 0 P 0
L 8.67004616 0.999998 13.34265302 0.999998 0 P 0
L 8.67645712 1.0999978 13.33624206 1.0999978 0 P 0
L 8.68286554 1.1999976 13.32983364 1.1999976 0 P 0
L 8.6892765 1.2999974 13.32342268 1.2999974 0 P 0
L 8.69568746 1.3999972 13.31701172 1.3999972 0 P 0
L 8.70209588 1.499997 13.3106033 1.499997 0 P 0
L 8.70850684 1.5999968 13.30419234 1.5999968 0 P 0
L 8.71276388 33.0999338 13.2999353 33.0999338 0 P 0
L 8.7149178 1.6999966 13.29778138 1.6999966 0 P 0
L 8.72132876 1.7999964 13.29137042 1.7999964 0 P 0
L 8.72773718 1.8999962 13.284962 1.8999962 0 P 0
L 8.73414814 1.999996 13.27855104 1.999996 0 P 0
L 8.73576104 34.0999318 13.2769356 34.0999318 0 P 0
L 8.7405591 2.0999958 13.27214008 2.0999958 0 P 0
L 8.74697006 2.1999956 13.26572912 2.1999956 0 P 0
L 8.75337848 2.2999954 13.2593207 2.2999954 0 P 0
L 8.75978944 2.3999952 13.25290974 2.3999952 0 P 0
L 8.7662004 2.499995 13.24649878 2.499995 0 P 0
L 8.77260882 2.5999948 13.24009036 2.5999948 0 P 0
L 8.77901978 2.6999946 13.2336794 2.6999946 0 P 0
L 8.78543074 2.7999944 13.22726844 2.7999944 0 P 0
L 8.7918417 2.8999942 13.22085748 2.8999942 0 P 0
L 8.79825012 2.999994 13.21444906 2.999994 0 P 0
L 8.80466108 3.0999938 13.2080381 3.0999938 0 P 0
L 8.81107204 3.1999936 13.20162714 3.1999936 0 P 0
L 8.81276368 32.999934 13.1999355 32.999934 0 P 0
L 8.81748046 3.2999934 13.19521872 3.2999934 0 P 0
L 8.82389142 3.3999932 13.18880776 3.3999932 0 P 0
L 8.83030238 3.499993 13.1823968 3.499993 0 P 0
L 8.83671334 3.5999928 13.17598584 3.5999928 0 P 0
L 8.84312176 3.6999926 13.16957742 3.6999926 0 P 0
L 8.84953272 3.7999924 13.16316646 3.7999924 0 P 0
L 8.85594368 3.8999922 13.1567555 3.8999922 0 P 0
L 8.8623521 3.999992 13.15034708 3.999992 0 P 0
L 8.86876306 4.0999918 13.14393612 4.0999918 0 P 0
L 8.87517402 4.1999916 13.13752516 4.1999916 0 P 0
L 8.88158498 4.2999914 13.1311142 4.2999914 0 P 0
L 8.8879934 4.3999912 13.12470578 4.3999912 0 P 0
L 8.89440436 4.499991 13.11829482 4.499991 0 P 0
L 8.90081532 4.5999908 13.11188386 4.5999908 0 P 0
L 8.90722374 4.6999906 13.10547544 4.6999906 0 P 0
L 8.9116027 34.1999316 13.10109648 34.1999316 0 P 0
L 8.91276348 32.8999342 13.0999357 32.8999342 0 P 0
L 8.9136347 4.7999904 13.09906448 4.7999904 0 P 0
L 8.92004566 4.8999902 13.09265352 4.8999902 0 P 0
L 8.92645662 4.99999 13.08624256 4.99999 0 P 0
L 8.93286504 5.0999898 13.07983414 5.0999898 0 P 0
L 8.939276 5.1999896 13.07342318 5.1999896 0 P 0
L 8.94568696 5.2999894 13.06701222 5.2999894 0 P 0
L 8.95209538 5.3999892 13.0606038 5.3999892 0 P 0
L 8.95850634 5.499989 13.05419284 5.499989 0 P 0
L 8.9649173 5.5999888 13.04778188 5.5999888 0 P 0
L 8.97132826 5.6999886 13.04137092 5.6999886 0 P 0
L 8.97773668 5.7999884 13.0349625 5.7999884 0 P 0
L 8.98414764 5.8999882 13.02855154 5.8999882 0 P 0
L 8.9905586 5.999988 13.02214058 5.999988 0 P 0
L 8.99696702 6.0999878 13.01573216 6.0999878 0 P 0
L 9.00337798 6.1999876 13.0093212 6.1999876 0 P 0
L 9.00978894 6.2999874 13.00291024 6.2999874 0 P 0
L 9.01276328 32.7999344 12.9999359 32.7999344 0 P 0
L 9.0161999 6.3999872 12.99649928 6.3999872 0 P 0
L 9.02260832 6.499987 12.99009086 6.499987 0 P 0
L 9.02901928 6.5999868 12.9836799 6.5999868 0 P 0
L 9.03543024 6.6999866 12.97726894 6.6999866 0 P 0
L 9.04183866 6.7999864 12.97086052 6.7999864 0 P 0
L 9.04824962 6.8999862 12.96444956 6.8999862 0 P 0
L 9.05466058 6.999986 12.9580386 6.999986 0 P 0
L 9.06107154 7.0999858 12.95162764 7.0999858 0 P 0
L 9.06747996 7.1999856 12.94521922 7.1999856 0 P 0
L 9.07389092 7.2999854 12.93880826 7.2999854 0 P 0
L 9.08030188 7.3999852 12.9323973 7.3999852 0 P 0
L 9.0867103 7.499985 12.92598888 7.499985 0 P 0
L 9.09312126 7.5999848 12.91957792 7.5999848 0 P 0
L 9.09953222 7.6999846 12.91316696 7.6999846 0 P 0
L 9.10594318 7.7999844 12.906756 7.7999844 0 P 0
L 9.10888704 34.2999314 12.90381214 34.2999314 0 P 0
L 9.1123516 7.8999842 12.90034758 7.8999842 0 P 0
L 9.11276308 32.6999346 12.8999361 32.6999346 0 P 0
L 9.11876256 7.999984 12.89393662 7.999984 0 P 0
L 9.12517352 8.0999838 12.88752566 8.0999838 0 P 0
L 9.13158194 8.1999836 12.88111724 8.1999836 0 P 0
L 9.1379929 8.2999834 12.87470628 8.2999834 0 P 0
L 9.14440386 8.3999832 12.86829532 8.3999832 0 P 0
L 9.15081482 8.499983 12.86188436 8.499983 0 P 0
L 9.15722324 8.5999828 12.85547594 8.5999828 0 P 0
L 9.1636342 8.6999826 12.84906498 8.6999826 0 P 0
L 9.17004516 8.7999824 12.84265402 8.7999824 0 P 0
L 9.17645358 8.8999822 12.8362456 8.8999822 0 P 0
L 9.18286454 8.999982 12.82983464 8.999982 0 P 0
L 9.1892755 9.0999818 12.82342368 9.0999818 0 P 0
L 9.19568646 9.1999816 12.81701272 9.1999816 0 P 0
L 9.20209488 9.2999814 12.8106043 9.2999814 0 P 0
L 9.20850584 9.3999812 12.80419334 9.3999812 0 P 0
L 9.21276288 32.5999348 12.7999363 32.5999348 0 P 0
L 9.2149168 9.499981 12.79778238 9.499981 0 P 0
L 9.22132776 9.5999808 12.79137142 9.5999808 0 P 0
L 9.22773618 9.6999806 12.784963 9.6999806 0 P 0
L 9.23414714 9.7999804 12.77855204 9.7999804 0 P 0
L 9.2405581 9.8999802 12.77214108 9.8999802 0 P 0
L 9.24696652 9.99998 12.76573266 9.99998 0 P 0
L 9.25337748 10.0999798 12.7593217 10.0999798 0 P 0
L 9.25978844 10.1999796 12.75291074 10.1999796 0 P 0
L 9.2661994 10.2999794 12.74649978 10.2999794 0 P 0
L 9.27260782 10.3999792 12.74009136 10.3999792 0 P 0
L 9.27901878 10.499979 12.7336804 10.499979 0 P 0
L 9.28542974 10.5999788 12.72726944 10.5999788 0 P 0
L 9.29183816 10.6999786 12.72086102 10.6999786 0 P 0
L 9.29824912 10.7999784 12.71445006 10.7999784 0 P 0
L 9.30466008 10.8999782 12.7080391 10.8999782 0 P 0
L 9.31107104 10.999978 12.70162814 10.999978 0 P 0
L 9.31276268 32.499935 12.6999365 32.499935 0 P 0
L 9.31747946 11.0999778 12.69521972 11.0999778 0 P 0
L 9.32389042 11.1999776 12.68880876 11.1999776 0 P 0
L 9.33030138 11.2999774 12.6823978 11.2999774 0 P 0
L 9.33519088 34.3999312 12.67750576 34.3999312 0 P 0
L 9.3367098 11.3999772 12.67598938 11.3999772 0 P 0
L 9.34312076 11.499977 12.66957842 11.499977 0 P 0
L 9.34953172 11.5999768 12.66316746 11.5999768 0 P 0
L 9.35594268 11.6999766 12.6567565 11.6999766 0 P 0
L 9.3623511 11.7999764 12.65034808 11.7999764 0 P 0
L 9.36876206 11.8999762 12.64393712 11.8999762 0 P 0
L 9.37517302 11.999976 12.63752616 11.999976 0 P 0
L 9.38158144 12.0999758 12.63111774 12.0999758 0 P 0
L 9.3879924 12.1999756 12.62470678 12.1999756 0 P 0
L 9.39440336 12.2999754 12.61829582 12.2999754 0 P 0
L 9.40081432 12.3999752 12.61188486 12.3999752 0 P 0
L 9.40722274 12.499975 12.60547644 12.499975 0 P 0
L 9.41276248 32.3999352 12.5999367 32.3999352 0 P 0
L 9.4136337 12.5999748 12.59906548 12.5999748 0 P 0
L 9.42004466 12.6999746 12.59265452 12.6999746 0 P 0
L 9.42645308 12.7999744 12.5862461 12.7999744 0 P 0
L 9.43286404 12.8999742 12.57983514 12.8999742 0 P 0
L 9.439275 12.999974 12.57342418 12.999974 0 P 0
L 9.44568596 13.0999738 12.56701322 13.0999738 0 P 0
L 9.45209438 13.1999736 12.5606048 13.1999736 0 P 0
L 9.45850534 13.2999734 12.55419384 13.2999734 0 P 0
L 9.4649163 13.3999732 12.54778288 13.3999732 0 P 0
L 9.47132472 13.499973 12.54137446 13.499973 0 P 0
L 9.47773568 13.5999728 12.5349635 13.5999728 0 P 0
L 9.48414664 13.6999726 12.52855254 13.6999726 0 P 0
L 9.4905576 13.7999724 12.52214158 13.7999724 0 P 0
L 9.49696602 13.8999722 12.51573316 13.8999722 0 P 0
L 9.50337698 13.999972 12.5093222 13.999972 0 P 0
L 9.50978794 14.0999718 12.50291124 14.0999718 0 P 0
L 9.51276228 32.2999354 12.4999369 32.2999354 0 P 0
L 9.51619636 14.1999716 12.49650282 14.1999716 0 P 0
L 9.52260732 14.2999714 12.49009186 14.2999714 0 P 0
L 9.52901828 14.3999712 12.4836809 14.3999712 0 P 0
L 9.53542924 14.499971 12.47726994 14.499971 0 P 0
L 9.54183766 14.5999708 12.47086152 14.5999708 0 P 0
L 9.54824862 14.6999706 12.46445056 14.6999706 0 P 0
L 9.55465958 14.7999704 12.4580396 14.7999704 0 P 0
L 9.561068 14.8999702 12.45163118 14.8999702 0 P 0
L 9.56747896 14.99997 12.44522022 14.99997 0 P 0
L 9.57388992 15.0999698 12.43880926 15.0999698 0 P 0
L 9.58030088 15.1999696 12.4323983 15.1999696 0 P 0
L 9.5867093 15.2999694 12.42598988 15.2999694 0 P 0
L 9.59312026 15.3999692 12.41957892 15.3999692 0 P 0
L 9.59953122 15.499969 12.41316796 15.499969 0 P 0
L 9.60450454 34.499931 12.4081921 34.499931 0 P 0
L 9.60593964 15.5999688 12.40675954 15.5999688 0 P 0
L 9.6123506 15.6999686 12.40034858 15.6999686 0 P 0
L 9.61276208 32.1999356 12.3999371 32.1999356 0 P 0
L 9.61876156 15.7999684 12.39393762 15.7999684 0 P 0
L 9.62517252 15.8999682 12.38752666 15.8999682 0 P 0
L 9.63158094 15.999968 12.38111824 15.999968 0 P 0
L 9.6379919 16.0999678 12.37470728 16.0999678 0 P 0
L 9.64440286 16.1999676 12.36829632 16.1999676 0 P 0
L 9.65081128 16.2999674 12.3618879 16.2999674 0 P 0
L 9.65722224 16.3999672 12.35547694 16.3999672 0 P 0
L 9.6636332 16.499967 12.34906598 16.499967 0 P 0
L 9.67004416 16.5999668 12.34265502 16.5999668 0 P 0
L 9.67645258 16.6999666 12.3362466 16.6999666 0 P 0
L 9.68286354 16.7999664 12.32983564 16.7999664 0 P 0
L 9.6892745 16.8999662 12.32342468 16.8999662 0 P 0
L 9.69568546 16.999966 12.31701372 16.999966 0 P 0
L 9.70209388 17.0999658 12.3106053 17.0999658 0 P 0
L 9.70850484 17.1999656 12.30419434 17.1999656 0 P 0
L 9.71276188 32.0999358 12.2999373 32.0999358 0 P 0
L 9.7149158 17.2999654 12.29778338 17.2999654 0 P 0
L 9.72132422 17.3999652 12.29137496 17.3999652 0 P 0
L 9.72773518 17.499965 12.284964 17.499965 0 P 0
L 9.73414614 17.5999648 12.27855304 17.5999648 0 P 0
L 9.7405571 17.6999646 12.27214208 17.6999646 0 P 0
L 9.74696552 17.7999644 12.26573366 17.7999644 0 P 0
L 9.75337648 17.8999642 12.2593227 17.8999642 0 P 0
L 9.75978744 17.999964 12.25291174 17.999964 0 P 0
L 9.76619586 18.0999638 12.24650332 18.0999638 0 P 0
L 9.77260682 18.1999636 12.24009236 18.1999636 0 P 0
L 9.77901778 18.2999634 12.2336814 18.2999634 0 P 0
L 9.78542874 18.3999632 12.22727044 18.3999632 0 P 0
L 9.79183716 18.499963 12.22086202 18.499963 0 P 0
L 9.79824812 18.5999628 12.21445106 18.5999628 0 P 0
L 9.80465908 18.6999626 12.2080401 18.6999626 0 P 0
L 9.8110675 18.7999624 12.20163168 18.7999624 0 P 0
L 9.81276168 31.999936 12.1999375 31.999936 0 P 0
L 9.81747846 18.8999622 12.19522072 18.8999622 0 P 0
L 9.82388942 18.999962 12.18880976 18.999962 0 P 0
L 9.83030038 19.0999618 12.1823988 19.0999618 0 P 0
L 9.8367088 19.1999616 12.17599038 19.1999616 0 P 0
L 9.84311976 19.2999614 12.16957942 19.2999614 0 P 0
L 9.84953072 19.3999612 12.16316846 19.3999612 0 P 0
L 9.85593914 19.499961 12.15676004 19.499961 0 P 0
L 9.8623501 19.5999608 12.15034908 19.5999608 0 P 0
L 9.86876106 19.6999606 12.14393812 19.6999606 0 P 0
L 9.87517202 19.7999604 12.13752716 19.7999604 0 P 0
L 9.88158044 19.8999602 12.13111874 19.8999602 0 P 0
L 9.8879914 19.99996 12.12470778 19.99996 0 P 0
L 9.89440236 20.0999598 12.11829682 20.0999598 0 P 0
L 9.90081078 20.1999596 12.1118884 20.1999596 0 P 0
L 9.90722174 20.2999594 12.10547744 20.2999594 0 P 0
L 9.91276148 31.8999362 12.0999377 31.8999362 0 P 0
L 9.9136327 20.3999592 12.09906648 20.3999592 0 P 0
L 9.92004366 20.499959 12.09265552 20.499959 0 P 0
L 9.92645208 20.5999588 12.0862471 20.5999588 0 P 0
L 9.93286304 20.6999586 12.07983614 20.6999586 0 P 0
L 9.939274 20.7999584 12.07342518 20.7999584 0 P 0
L 9.94568242 20.8999582 12.06701676 20.8999582 0 P 0
L 9.94919778 34.5999308 12.06349886 34.5999308 0 P 0
L 9.95209338 20.999958 12.0606058 20.999958 0 P 0
L 9.95850434 21.0999578 12.05419484 21.0999578 0 P 0
L 9.9649153 21.1999576 12.04778388 21.1999576 0 P 0
L 9.97132372 21.2999574 12.04137546 21.2999574 0 P 0
L 9.97773468 21.3999572 12.0349645 21.3999572 0 P 0
L 9.98414564 21.499957 12.02855354 21.499957 0 P 0
L 9.99055406 21.5999568 12.02214512 21.5999568 0 P 0
L 9.99696502 21.6999566 12.01573416 21.6999566 0 P 0
L 10.00337598 21.7999564 12.0093232 21.7999564 0 P 0
L 10.00978694 21.8999562 12.00291224 21.8999562 0 P 0
L 10.01276128 31.7999364 11.9999379 31.7999364 0 P 0
L 10.01619536 21.999956 11.99650382 21.999956 0 P 0
L 10.02260632 22.0999558 11.99009286 22.0999558 0 P 0
L 10.02901728 22.1999556 11.9836819 22.1999556 0 P 0
L 10.0354257 22.2999554 11.97727348 22.2999554 0 P 0
L 10.04183666 22.3999552 11.97086252 22.3999552 0 P 0
L 10.04824762 22.499955 11.96445156 22.499955 0 P 0
L 10.05465858 22.5999548 11.9580406 22.5999548 0 P 0
L 10.061067 22.6999546 11.95163218 22.6999546 0 P 0
L 10.06747796 22.7999544 11.94522122 22.7999544 0 P 0
L 10.07388892 22.8999542 11.93881026 22.8999542 0 P 0
L 10.08029734 22.999954 11.93240184 22.999954 0 P 0
L 10.0867083 23.0999538 11.92599088 23.0999538 0 P 0
L 10.09311926 23.1999536 11.91957992 23.1999536 0 P 0
L 10.09953022 23.2999534 11.91316896 23.2999534 0 P 0
L 10.10593864 23.3999532 11.90676054 23.3999532 0 P 0
L 10.1123496 23.499953 11.90034958 23.499953 0 P 0
L 10.11276108 31.6999366 11.8999381 31.6999366 0 P 0
L 10.11876056 23.5999528 11.89393862 23.5999528 0 P 0
L 10.12516898 23.6999526 11.8875302 23.6999526 0 P 0
L 10.13157994 23.7999524 11.88111924 23.7999524 0 P 0
L 10.1379909 23.8999522 11.87470828 23.8999522 0 P 0
L 10.14440186 23.999952 11.86829732 23.999952 0 P 0
L 10.15081028 24.0999518 11.8618889 24.0999518 0 P 0
L 10.15722124 24.1999516 11.85547794 24.1999516 0 P 0
L 10.1636322 24.2999514 11.84906698 24.2999514 0 P 0
L 10.17004316 24.3999512 11.84265602 24.3999512 0 P 0
L 10.17645158 24.499951 11.8362476 24.499951 0 P 0
L 10.18286254 24.5999508 11.82983664 24.5999508 0 P 0
L 10.1892735 24.6999506 11.82342568 24.6999506 0 P 0
L 10.19568192 24.7999504 11.81701726 24.7999504 0 P 0
L 10.20209288 24.8999502 11.8106063 24.8999502 0 P 0
L 10.20850384 24.99995 11.80419534 24.99995 0 P 0
L 10.21276088 31.5999368 11.7999383 31.5999368 0 P 0
L 10.2149148 25.0999498 11.79778438 25.0999498 0 P 0
L 10.22132322 25.1999496 11.79137596 25.1999496 0 P 0
L 10.22773418 25.2999494 11.784965 25.2999494 0 P 0
L 10.23414514 25.3999492 11.77855404 25.3999492 0 P 0
L 10.24055356 25.499949 11.77214562 25.499949 0 P 0
L 10.24696452 25.5999488 11.76573466 25.5999488 0 P 0
L 10.25337548 25.6999486 11.7593237 25.6999486 0 P 0
L 10.25978644 25.7999484 11.75291274 25.7999484 0 P 0
L 10.26619486 25.8999482 11.74650432 25.8999482 0 P 0
L 10.27260582 25.999948 11.74009336 25.999948 0 P 0
L 10.27901678 26.0999478 11.7336824 26.0999478 0 P 0
L 10.2854252 26.1999476 11.72727398 26.1999476 0 P 0
L 10.29183616 26.2999474 11.72086302 26.2999474 0 P 0
L 10.29824712 26.3999472 11.71445206 26.3999472 0 P 0
L 10.30465808 26.499947 11.7080411 26.499947 0 P 0
L 10.3110665 26.5999468 11.70163268 26.5999468 0 P 0
L 10.31276068 31.499937 11.6999385 31.499937 0 P 0
L 10.31747746 26.6999466 11.69522172 26.6999466 0 P 0
L 10.32388842 26.7999464 11.68881076 26.7999464 0 P 0
L 10.33029684 26.8999462 11.68240234 26.8999462 0 P 0
L 10.3367078 26.999946 11.67599138 26.999946 0 P 0
L 10.34311876 27.0999458 11.66958042 27.0999458 0 P 0
L 10.34952972 27.1999456 11.66316946 27.1999456 0 P 0
L 10.35593814 27.2999454 11.65676104 27.2999454 0 P 0
L 10.3623491 27.3999452 11.65035008 27.3999452 0 P 0
L 10.36876006 27.499945 11.64393912 27.499945 0 P 0
L 10.37516848 27.5999448 11.6375307 27.5999448 0 P 0
L 10.38157944 27.6999446 11.63111974 27.6999446 0 P 0
L 10.3879904 27.7999444 11.62470878 27.7999444 0 P 0
L 10.39440136 27.8999442 11.61829782 27.8999442 0 P 0
L 10.40080978 27.999944 11.6118894 27.999944 0 P 0
L 10.40722074 28.0999438 11.60547844 28.0999438 0 P 0
L 10.41276048 31.3999372 11.5999387 31.3999372 0 P 0
L 10.4136317 28.1999436 11.59906748 28.1999436 0 P 0
L 10.42004012 28.2999434 11.59265906 28.2999434 0 P 0
L 10.42645108 28.3999432 11.5862481 28.3999432 0 P 0
L 10.43286204 28.499943 11.57983714 28.499943 0 P 0
L 10.439273 28.5999428 11.57342618 28.5999428 0 P 0
L 10.44568142 28.6999426 11.56701776 28.6999426 0 P 0
L 10.45209238 28.7999424 11.5606068 28.7999424 0 P 0
L 10.45850334 28.8999422 11.55419584 28.8999422 0 P 0
L 10.46491176 28.999942 11.54778742 28.999942 0 P 0
L 10.47132272 29.0999418 11.54137646 29.0999418 0 P 0
L 10.47773368 29.1999416 11.5349655 29.1999416 0 P 0
L 10.48414464 29.2999414 11.52855454 29.2999414 0 P 0
L 10.49055306 29.3999412 11.52214612 29.3999412 0 P 0
L 10.49696402 29.499941 11.51573516 29.499941 0 P 0
L 10.50337498 29.5999408 11.5093242 29.5999408 0 P 0
L 10.50637726 34.6999306 11.50631938 34.6999306 0 P 0
L 10.5097834 29.6999406 11.50291578 29.6999406 0 P 0
L 10.51276028 31.2999374 11.4999389 31.2999374 0 P 0
L 10.51619436 29.7999404 11.49650482 29.7999404 0 P 0
L 10.52260532 29.8999402 11.49009386 29.8999402 0 P 0
L 10.52901628 29.99994 11.4836829 29.99994 0 P 0
L 10.5354247 30.0999398 11.47727448 30.0999398 0 P 0
L 10.54183566 30.1999396 11.47086352 30.1999396 0 P 0
L 10.54824662 30.2999394 11.46445256 30.2999394 0 P 0
L 10.55465504 30.3999392 11.45804414 30.3999392 0 P 0
L 10.561066 30.499939 11.45163318 30.499939 0 P 0
L 10.56747696 30.5999388 11.44522222 30.5999388 0 P 0
L 10.57388792 30.6999386 11.43881126 30.6999386 0 P 0
L 10.58029634 30.7999384 11.43240284 30.7999384 0 P 0
L 10.5867073 30.8999382 11.42599188 30.8999382 0 P 0
L 10.59311826 30.999938 11.41958092 30.999938 0 P 0
L 10.59952668 31.0999378 11.4131725 31.0999378 0 P 0
L 10.60593764 31.1999376 11.40676154 31.1999376 0 P 0
L 11.40635006 31.20634856 13.4063486 0.00635 0 P 0
L 11.40635006 31.20634856 13.87220238 33.67220088 0 P 0
